# wave[microns]    norm_trans
7.0499998E-01  2.5871883E-03
7.0999998E-01  8.1755146E-03
7.1499997E-01  7.6580769E-03
7.2000003E-01  2.9183483E-02
7.2500002E-01  1.4612439E-01
7.3000002E-01  3.6924350E-01
7.3500001E-01  4.6610782E-01
7.4000001E-01  4.9767151E-01
7.4500000E-01  5.3027004E-01
7.5000000E-01  5.8056504E-01
7.5500000E-01  6.5683532E-01
7.5999999E-01  8.1962121E-01
7.6499999E-01  8.3038390E-01
7.6999998E-01  8.8585323E-01
7.7499998E-01  9.5819104E-01
7.7999997E-01  9.8975468E-01
7.8500003E-01  9.9213493E-01
7.9000002E-01  9.9968952E-01
7.9500002E-01  9.8820245E-01
8.0000001E-01  9.9420464E-01
8.0500001E-01  1.0000000E+00
8.1000000E-01  9.8302799E-01
8.1500000E-01  9.7205836E-01
8.1999999E-01  9.8116523E-01
8.2499999E-01  9.6647000E-01
8.2999998E-01  9.4535857E-01
8.3499998E-01  9.3138772E-01
8.3999997E-01  9.2414361E-01
8.4500003E-01  8.8647413E-01
8.5000002E-01  8.7705684E-01
8.5500002E-01  8.6360341E-01
8.6000001E-01  8.5439306E-01
8.6500001E-01  8.2479560E-01
8.7000000E-01  7.9447377E-01
8.7500000E-01  6.8332815E-01
8.8000000E-01  5.2788991E-01
8.8499999E-01  3.6986443E-01
8.8999999E-01  2.1421918E-01
8.9499998E-01  1.3950118E-01
8.9999998E-01  1.1393977E-01
9.0499997E-01  7.4407533E-02
9.1000003E-01  5.2778639E-02
9.1500002E-01  3.7669461E-02
9.2000002E-01  2.8562557E-02
9.2500001E-01  1.8938219E-02
9.3000001E-01  1.4488255E-02
9.3500000E-01  1.1487115E-02
9.4000000E-01  8.3824899E-03
9.4499999E-01  8.6929519E-03
9.4999999E-01  7.1406392E-03
