# wave[microns]    norm_trans
2.8000000E-01  2.3985986E-02
2.8500000E-01  2.6411535E-02
2.8999999E-01  2.6276782E-02
2.9499999E-01  2.7893815E-02
3.0000001E-01  2.7085297E-02
3.0500001E-01  2.8432826E-02
3.1000000E-01  4.8106726E-02
3.1500000E-01  1.3017114E-01
3.1999999E-01  2.4538472E-01
3.2499999E-01  3.7366933E-01
3.3000001E-01  5.3901094E-01
3.3500001E-01  6.7699766E-01
3.4000000E-01  7.7711892E-01
3.4500000E-01  8.0204827E-01
3.4999999E-01  8.8438219E-01
3.5499999E-01  9.4744647E-01
3.6000001E-01  9.2629021E-01
3.6500001E-01  1.0000000E+00
3.7000000E-01  9.6941113E-01
3.7500000E-01  8.6672950E-01
3.8000000E-01  8.7387151E-01
3.8499999E-01  6.9262904E-01
3.8999999E-01  4.6449268E-01
3.9500001E-01  2.9120067E-01
4.0000001E-01  1.4971028E-01
4.0500000E-01  5.2823070E-02
4.1000000E-01  1.3071015E-02
4.1499999E-01  3.0993128E-03
4.1999999E-01  0.0000000E+00
