# wave[microns]    norm_trans
3.4000000E-01  8.1227440E-03
3.4500000E-01  7.0697954E-03
3.4999999E-01  2.0758122E-02
3.5499999E-01  7.6263539E-02
3.6000001E-01  2.2879061E-01
3.6500001E-01  4.2870036E-01
3.7000000E-01  5.7987368E-01
3.7500000E-01  6.7900121E-01
3.8000000E-01  7.8068590E-01
3.8499999E-01  8.4611917E-01
3.8999999E-01  8.7740672E-01
3.9500001E-01  9.1591460E-01
4.0000001E-01  9.4253916E-01
4.0500000E-01  9.6675694E-01
4.1000000E-01  9.8270154E-01
4.1499999E-01  1.0000000E+00
4.1999999E-01  9.9954873E-01
4.2500001E-01  9.7818899E-01
4.3000001E-01  9.6690732E-01
4.3500000E-01  9.4178700E-01
4.4000000E-01  9.2719615E-01
4.4499999E-01  9.1456074E-01
4.4999999E-01  8.4551746E-01
4.5500001E-01  8.0655837E-01
4.6000001E-01  7.4293023E-01
4.6500000E-01  6.4305055E-01
4.7000000E-01  5.4076415E-01
4.7499999E-01  4.3667272E-01
4.7999999E-01  3.1528279E-01
4.8500001E-01  2.1690734E-01
4.9000001E-01  1.4455476E-01
4.9500000E-01  9.4464496E-02
5.0000000E-01  6.8892904E-02
5.0500000E-01  4.1516244E-02
5.0999999E-01  1.9404333E-02
5.1499999E-01  1.0980747E-02
5.1999998E-01  5.1143202E-03
5.2499998E-01  2.5571601E-03
5.2999997E-01  0.0000000E+00
