# wave[microns]    norm_trans
4.7000000E-01  1.0261087E-03
4.7499999E-01  2.2802418E-03
4.7999999E-01  2.0522175E-03
4.8500001E-01  1.2313305E-02
4.9000001E-01  1.3863871E-01
4.9500000E-01  4.3267587E-01
5.0000000E-01  6.7141724E-01
5.0500000E-01  8.6170334E-01
5.0999999E-01  9.3113667E-01
5.1499999E-01  9.5051879E-01
5.1999998E-01  9.7377723E-01
5.2499998E-01  1.0000000E+00
5.2999997E-01  9.9087900E-01
5.3500003E-01  9.8631859E-01
5.4000002E-01  9.6682250E-01
5.4500002E-01  9.5302707E-01
5.5000001E-01  9.2874247E-01
5.5500001E-01  9.1050053E-01
5.6000000E-01  8.7253445E-01
5.6500000E-01  8.2111508E-01
5.6999999E-01  7.9808462E-01
5.7499999E-01  7.1816212E-01
5.7999998E-01  6.9821000E-01
5.8499998E-01  6.4553648E-01
5.8999997E-01  5.8704829E-01
5.9500003E-01  5.1499259E-01
6.0000002E-01  4.6380118E-01
6.0500002E-01  4.0200663E-01
6.1000001E-01  3.4488657E-01
6.1500001E-01  2.8423214E-01
6.2000000E-01  2.3976742E-01
6.2500000E-01  1.9701289E-01
6.3000000E-01  1.6497549E-01
6.3499999E-01  1.2187892E-01
6.3999999E-01  9.5200092E-02
6.4499998E-01  7.5019956E-02
6.4999998E-01  5.5979934E-02
6.5499997E-01  4.3324590E-02
6.6000003E-01  2.8503021E-02
6.6500002E-01  2.0066127E-02
6.7000002E-01  1.1173185E-02
6.7500001E-01  7.5247977E-03
6.8000001E-01  0.0000000E+00
