# wave[microns]    norm_trans
5.5000001E-01  7.5291761E-04
5.5500001E-01  1.4807380E-02
5.6000000E-01  1.1557285E-01
5.6500000E-01  3.5399672E-01
5.6999999E-01  5.7911909E-01
5.7499999E-01  7.4413353E-01
5.7999998E-01  8.5983187E-01
5.8499998E-01  9.2696697E-01
5.8999997E-01  9.6875399E-01
5.9500003E-01  9.8732597E-01
6.0000002E-01  9.8632205E-01
6.0500002E-01  1.0000000E+00
6.1000001E-01  9.9749029E-01
6.1500001E-01  9.8644745E-01
6.2000000E-01  9.6323258E-01
6.2500000E-01  9.3976665E-01
6.3000000E-01  9.6323258E-01
6.3499999E-01  9.2194760E-01
6.3999999E-01  8.6209059E-01
6.4499998E-01  8.8405073E-01
6.4999998E-01  8.4314215E-01
6.5499997E-01  8.4577745E-01
6.6000003E-01  8.1101775E-01
6.6500002E-01  7.6835239E-01
6.7000002E-01  7.5542730E-01
6.7500001E-01  7.4425906E-01
6.8000001E-01  6.9983685E-01
6.8500000E-01  6.8277073E-01
6.9000000E-01  6.4048189E-01
6.9499999E-01  6.3320369E-01
6.9999999E-01  5.9605974E-01
7.0499998E-01  5.8451498E-01
7.0999998E-01  5.2478355E-01
7.1499997E-01  5.0570965E-01
7.2000003E-01  4.7057348E-01
7.2500002E-01  4.5087212E-01
7.3000002E-01  4.0845782E-01
7.3500001E-01  3.7068641E-01
7.4000001E-01  3.5889074E-01
7.4500000E-01  3.2576236E-01
7.5000000E-01  3.1635085E-01
7.5500000E-01  2.9238299E-01
7.5999999E-01  2.6439956E-01
7.6499999E-01  2.5147447E-01
7.6999998E-01  2.2474590E-01
7.7499998E-01  2.0629941E-01
7.7999997E-01  1.8459029E-01
7.8500003E-01  1.6764964E-01
7.9000002E-01  1.5447359E-01
7.9500002E-01  1.4129753E-01
8.0000001E-01  1.3288996E-01
8.0500001E-01  1.1582382E-01
8.1000000E-01  1.0540846E-01
8.1500000E-01  9.4240181E-02
8.1999999E-01  8.6209066E-02
8.2499999E-01  7.9307318E-02
8.2999998E-01  6.6382237E-02
8.3499998E-01  5.8978543E-02
8.3999997E-01  5.2202284E-02
8.4500003E-01  4.6429917E-02
8.5000002E-01  4.4045679E-02
8.5500002E-01  4.0281091E-02
8.6000001E-01  3.6516502E-02
8.6500001E-01  3.1497054E-02
8.7000000E-01  2.9112812E-02
8.7500000E-01  2.4720794E-02
8.8000000E-01  2.1834610E-02
8.8499999E-01  2.0203289E-02
8.8999999E-01  1.7066132E-02
8.9499998E-01  1.5058352E-02
8.9999998E-01  1.4681892E-02
9.0499997E-01  1.3678003E-02
9.1000003E-01  1.3301544E-02
